档案类别	目录号	起案卷号	止案卷号	实际卷数	总页数	档案类别
地籍管理档案	36	1	2	2	79	4
地籍管理档案	37	1	110	110	2711	4
地籍管理档案	38	1	179	179	14890	4
地籍管理档案	39	1	782	782	1867	4
地籍管理档案	59	1	453	453	8690	4
地籍管理档案	67	1	953	953	30779	4
地籍管理档案	68	1	1260	1260	36999	4
地籍管理档案	69	1	1015	1015	35297	4
地籍管理档案	70	1	1578	1578	45198	4
地籍管理档案	71	1	1299	1299	33364	4
地籍管理档案	72	1	875	875	30751	4
地籍管理档案	73	1	777	777	24037	4
地籍管理档案	74	1	1691	1691	40965	4
地籍管理档案	75	1	1017	1017	39159	4
地籍管理档案	76	1	1678	1678	67319	4
地籍管理档案	77	1	1155	1155	49074	4
地籍管理档案	78	1	944	944	38507	4
地籍管理档案	79	1	1098	1098	46687	4
地籍管理档案	80	1	1283	1283	52616	4
地籍管理档案	81	1	1210	1210	42372	4
地籍管理档案	82	1	1053	1053	29870	4
地籍管理档案	83	1	1057	1057	31064	4
地籍管理档案	84	1	1046	1046	30411	4
地籍管理档案	85	1	1033	1033	32600	4
地籍管理档案	86	1	1014	1014	31928	4
地籍管理档案	87	1	1100	1100	27851	4
地籍管理档案	88	1	1072	1072	33807	4
地籍管理档案	89	1	1060	1060	28335	4
地籍管理档案	90	1	1182	1182	47323	4
地籍管理档案	91	1	1153	1153	46827	4
地籍管理档案	92	1	1000	1000	15011	4
地籍管理档案	93	1	999	999	13339	4
地籍管理档案	94	1	999	999	17172	4
地籍管理档案	95	1	2000	2000	24948	4
地籍管理档案	96	1	2000	2000	25612	4
地籍管理档案	97	1	2000	2000	29523	4
地籍管理档案	98	1	2000	2000	28066	4
地籍管理档案	99	1	1900	1900	25190	4
地籍管理档案	100	1	2000	2000	28259	4
地籍管理档案	101	1	2000	2000	28062	4
地籍管理档案	102	1	2000	2000	25150	4
地籍管理档案	103	1	2000	2000	30472	4
地籍管理档案	104	1	2000	2000	31052	4
地籍管理档案	105	1	2000	2000	30540	4
地籍管理档案	106	1	2000	2000	30094	4
地籍管理档案	107	1	2000	2000	30710	4
地籍管理档案	108	1	2000	2000	29297	4
地籍管理档案	109	1	2000	2000	27778	4
地籍管理档案	110	1	2000	2000	22288	4
地籍管理档案	111	1	2000	2000	28470	4
地籍管理档案	112	1	2000	2000	33178	4
地籍管理档案	113	1	1638	1638	22262	4
监察案件档案	8	1	28	26	697	14
监察案件档案	9	1	32	31	809	14
监察案件档案	21	7	61	55	3004	14
监察案件档案	22	1	58	58	4457	14
声像档案	25	1	3	3		15
土地登记	40	1	999	999	6742	3
土地登记	41	1	999	999	7489	3
土地登记	42	1	545	545	3951	3
土地登记	43	1	919	919	6131	3
土地登记	44	1	359	359	2988	3
土地登记	45	1	999	999	9610	3
土地登记	46	1	516	516	4768	3
土地登记	47	1	269	269	3358	3
土地登记	48	1	42	42	867	3
土地登记	49	1	999	999	31457	3
土地登记	50	1	997	996	28476	3
土地登记	51	1	977	977	30949	3
土地登记	52	1	999	999	35251	3
土地登记	53	1	999	999	32005	3
土地登记	54	1	999	999	38660	3
土地登记	55	1	999	999	41717	3
土地登记	56	1	622	622	27136	3
土地登记	60	1	999	999	9409	3
土地登记	61	1	999	999	9152	3
土地登记	62	1	999	999	9907	3
土地登记	63	1	999	999	9594	3
土地登记	64	1	999	999	10448	3
土地登记	65	1	999	999	10538	3
土地登记	66	1	921	921	12105	3
土地登记	186	374	374	1	24	3
土地复垦	9	1	52	52	1569	
土地规划	8	1	320	320	19940	17
用地档案	9	1	940	940	19615	10
用地档案	10	1	580	580	16387	10
用地档案	11	1	952	952	64087	10
用地档案	12	1	561	561	49167	10
用地档案	13	1	817	817	52441	10
用地档案	14	1	999	999	22254	10
用地档案	15	1	326	326	25403	10
用地档案	16	1	244	244	23676	10
用地档案	17	1	229	229	15042	10
用地档案	18	1	999	999	117041	10
用地档案	19	1	1127	1127	145436	10
用地档案	26	1	213	213	38803	10
照片档案	24	1	1	1	7	20
综合档案	1	1	337	337	13775	0
综合档案	2	1	428	428	21084	0
综合档案	3	1	512	512	26443	0
